PONTO SUPERIOR ESQUERDO
3 3
10 10 20 20
30 30 40 40
50 50 60 60
10 40 20 50
30 60 40 70
50 80 60 90

PONTO INFERIOR DIREITO
3 3
10 40 20 50
50 80 60 90
30 60 40 70
30 30 40 40
50 50 60 60
10 10 20 20

PONTO INFERIOR ESQUERDO
3 3
10 80 20 90
30 60 40 70
50 40 60 50
10 50 20 60
30 30 40 40
50 10 60 20

PONTO SUPERIOR DIREITO
3 3
10 50 20 60
30 30 40 40
50 10 60 20
10 80 20 90
30 60 40 70
50 40 60 50

RETA VERTICAL ESQUERDA
3 3
30 10 40 20
30 30 40 40
30 50 40 60
10 10 20 20
10 30 20 40
10 50 20 60

RETA VERTICAL DIREITA
3 3
10 10 20 20
10 30 20 40
10 50 20 60
30 10 40 20
30 30 40 40
30 50 40 60

RETA HORIZONTAL DE CIMA
3 3
30 30 40 40
50 30 60 40
70 30 80 40
30 10 40 20
50 10 60 20
70 10 80 20

RETA HORIZONTAL DE BAIXO
3 3
30 10 40 20
50 10 60 20
70 10 80 20
30 30 40 40
50 30 60 40
70 30 80 40

teste git 234
PONTO INFERIOR ESQUERDO TANGENTES
3 3
10 80 20 90
30 60 40 70
50 40 60 50
10 60 20 70
30 40 40 50
50 20 60 30

PONTO SUPERIOR DIREITO TANGENTES
3 3 
10 60 20 70
30 40 40 50
50 20 60 30
10 80 20 90
30 60 40 70
50 40 60 50

PONTO INFERIOR DIREITO TANGENTES
3 3
70 50 80 60
80 70 90 80
90 90 100 100
80 40 90 50
90 60 100 70
100 80 110 90

PONTO SUPERIOR ESQUERDO 
3 3
80 40 90 50
90 60 100 70
100 80 110 90
70 50 80 60
80 70 90 80
90 90 100 100